112072270
112072274
112072275
112072286
112072287
112072290
112072306
112072307
112072312
112072315
112072321
112072329
112072330
112072342
112012146
112017292
112019404
112072100
112072103
112072122
112072125
112072127
112072136
112072139
112072166
112072180
112072184
112072209
112072192
112072200
112072201
112072212
112072214
112011297
112012145
112019401
112021452
112071950
112071951
112071952
112071963
112071975
112071978
112071990
112071991
112071998
112072006
112072014
112072020
112072008
112072027
112072028
112072030
112072035
112072037
112072041
112072050
112072056
112072065
112072066
112072068
112019399
112021450
112071813
112071846
112071852
112071853
112071860
112071863
112071868
112071874
112071886
112071898
112071913
112071934
112071938
112012143
112015516
112017287
112019397
