112071377
112071411
112071415
112071422
112071427
112071434
112071445
112071447
112071449
112071455
112011289
112015509
112017280
112021443
112071146
112071147
112071163
112071173
112071179
112071159
112071191
112071192
112071194
112071203
112071211
112071218
112071221
112071235
112071255
112071257
112071258
112071259
112071263
112071193
112011275
112014182
112015485
112017264
112020200
112021425
112070249
112070252
112070253
112070255
112070276
112070284
112070285
112070286
112070288
112070304
112070307
112070309
112070315
112070322
112070327
112070329
112070335
112070338
112070340
112070354
112070355
112070357
112070366
112070369
112070370
112070377
112070378
112070379
112070381
112070384
112070385
112070386
112070390
112012128
112013094
112014179
112015481
112017262
112020196
112070101
