112297685
112297039
112297076
112295448
112294758
112294760
112290864
112115380
112171562
112182902
112199050
112193962
112114026
112114027
112114023
112114024
112114019
112114020
112114017
112114018
112114015
112115018
112115015
112115016
112115012
112115010
112115007
112115008
112115006
112115005
112115004
112115003
112115001
112074998
112075000
112075008
112075012
112075016
112075018
112075023
112075029
112075033
112075036
112072983
112073024
112072754
112072648
112015523
112017296
112021457
112072358
112072366
112072383
112072384
112072385
112072389
112072392
112072395
112072397
112072402
112072405
112072414
112072427
112072433
112072436
112072451
112072453
112072450
112015521
112017293
112019407
112021454
112072223
112072238
112072241
112072259
112072261
112072262
112072266
112072268
