112089439
112089449
112089452
112089468
112089471
112089474
112089478
112089490
112089497
112089499
112089506
112089507
112089511
112012120
112013081
112014167
112015460
112020179
112021400
112021403
112089150
112089252
112089266
112089269
112089271
112089273
112089276
112089285
112089297
112089306
112089311
112089322
112089323
112089329
112089251
112089262
112089309
112089335
112089343
112089346
112089347
112089349
112089352
112089369
112089371
112089381
112089382
112089388
112089394
112014165
112015457
112089157
112089160
112089161
112089178
112089192
112089194
112089195
112089198
112089213
112089215
112089225
112089234
112089236
112089241
112089245
112089248
112012119
112017246
112089052
112089057
112089058
112089064
112089070
112089079
112089086
112089093
112089106
112089110
112089118
