112071653
112071659
112071673
112071676
112071678
112071685
112071693
112071696
112071705
112071711
112071712
112071718
112071731
112071737
112071738
112071739
112071756
112071760
112071762
112071766
112071769
112071780
112071781
112071789
112071795
112011294
112015514
112017284
112071459
112071493
112071502
112071508
112071516
112071527
112071531
112071539
112071545
112071547
112071557
112071562
112071566
112071538
112071580
112071581
112071586
112071593
112071594
112071595
112071596
112071598
112071602
112071606
112071611
112071612
112011292
112015511
112017281
112019392
112021446
112071271
112071282
112071285
112071286
112071287
112071306
112071311
112071314
112071327
112071332
112071336
112071337
112071339
112071342
112071344
112071346
112071347
112071350
112071365
112071372
112071374
