112070104
112070105
112070106
112070116
112070117
112070131
112070140
112070142
112070123
112070145
112070147
112070149
112070152
112070163
112070164
112070167
112070174
112070175
112070177
112070179
112070180
112070182
112070183
112070188
112070201
112070202
112070203
112070209
112070217
112070218
112070221
112070224
112070231
112070233
112012126
112015477
112017259
112020192
112021420
112070019
112070020
112070037
112070042
112070045
112070046
112070048
112070050
112070064
112070070
112070072
112070079
112070083
112070092
112012125
112013090
112015473
112017258
112020188
112021417
112012124
112013087
112014173
112017256
112020185
112012123
112017254
112021410
112012122
112013083
112014168
112017252
112020182
112021407
112089400
112089413
112089415
112089421
112089425
112089432
112089438
